3
13
0 50 50 550 1vautour.bmp
1 30 400 450 1accacia.bmp
2 25 450 450 1giraffe.bmp
3 30 50 400 1gazelle.bmp
4 10 300 350 1lion.bmp
5 30 50 300 1cheetah.bmp
6 20 100 300 1zebra.bmp
7 50 200 270 1hyena.bmp
8 100 400 300 1wildbeest_dead.bmp
9 50 50 50 1dung_rolling.bmp
10 40 100 100 1hare.bmp
11 100 200 50 1grass.bmp
12 100 450 50 1earthworm.bmp
18
0 1 2 20
1 8 0 20
2 2 4 15
3 8 4 30
4 3 4 15
5 6 4 10
6 3 5 10
7 6 7 5
8 8 7 30
9 10 5 15
10 8 12 20
11 5 9 30
12 10 9 15
13 11 10 100
14 11 3 50
15 11 6 50
16 11 7 100
17 11 8 100
