3
16
0 0 361 27 1vautour.bmp
1 98754 775 59 1accacia.bmp
2 18405 557 40 1giraffe.bmp
3 169 3 3 1gazelle.bmp
4 0 453 363 1lion.bmp
5 0 102 247 1cheetah.bmp
6 0 3 364 1zebra.bmp
7 346 647 417 1hyena.bmp
8 0 775 296 1wildbeest_dead.bmp
9 0 19 597 1dung_rolling.bmp
10 0 178 485 1hare.bmp
11 70100 343 617 1grass.bmp
12 0 758 581 1earthworm.bmp
13 223 300 287 1croco.bmp
14 0 138 80 1cougar.bmp
15 0 465 218 1python.bmp
25
0 1 2 20
1 8 0 20
2 2 4 15
3 8 4 30
4 3 4 15
5 6 4 10
6 3 5 10
7 6 7 5
8 8 7 30
9 10 5 15
10 8 12 20
11 5 9 30
12 10 9 15
13 11 10 100
14 11 3 50
15 11 6 50
16 11 7 100
17 11 8 100
18 15 5 40
19 5 4 20
20 4 7 40
21 5 13 15
22 13 14 15
23 14 15 20
24 7 5 15
